1 1 1 2 3 4 5 6 7 8 9 10 11 12 13 14 15 16 17 18 19 20 21 22 23 24 25 26 27 28 29 30 31 32 33 34 35 36 37 38 39 40 41 42 43 44 45 46 47 48 49 50 51 52 53 54 55 56 57 58 59 60 61 62 
1 1 1 1 2 3 4 5 6 7 8 9 10 11 12 13 14 15 16 17 18 19 20 21 22 23 24 25 26 27 28 29 30 31 32 33 34 35 36 37 38 39 40 41 42 43 44 45 46 47 48 49 50 51 52 53 54 55 56 57 58 59 60 62 
1 1 1 1 1 2 3 4 5 6 7 8 9 10 11 12 13 14 15 16 17 18 19 20 21 22 23 24 25 26 27 28 29 30 31 32 33 34 35 36 37 38 39 40 41 42 43 44 45 46 47 48 49 50 51 52 53 54 55 56 57 58 59 62 
63 1 1 1 1 1 2 3 4 5 6 7 8 9 10 11 12 13 14 15 16 17 18 19 20 21 22 23 24 25 26 27 28 29 30 31 32 33 34 35 36 37 38 39 40 41 42 43 44 45 46 47 48 49 50 51 52 53 54 55 56 57 58 124 
125 63 1 1 1 1 1 2 3 195 195 196 197 198 199 200 11 12 13 14 15 16 17 18 19 20 21 22 23 24 25 26 27 28 29 30 31 32 33 34 35 36 37 38 39 40 41 42 43 44 45 46 47 48 49 50 51 52 53 54 55 56 57 186 
187 125 63 1 1 1 1 1 2 195 195 195 196 197 198 199 11 11 12 13 14 15 16 17 18 19 20 21 22 23 24 25 26 27 28 29 30 31 32 33 34 35 36 37 38 39 40 41 42 43 44 45 46 47 48 49 50 51 52 53 54 55 56 248 
249 187 125 63 1 1 1 1 1 195 195 195 195 196 197 198 11 11 11 12 13 14 15 16 17 18 19 20 21 22 23 24 25 26 27 28 29 30 31 32 33 34 35 36 37 38 39 40 41 42 43 44 45 46 47 48 49 50 51 52 53 54 55 310 
311 249 187 125 63 1 1 1 1 195 195 195 195 195 196 197 11 11 11 11 12 13 14 15 16 17 18 19 20 21 22 23 24 25 26 27 28 29 30 31 32 33 34 35 36 37 38 39 40 41 42 43 44 45 46 47 48 49 50 51 52 53 54 372 
373 311 249 187 125 63 1 1 1 195 195 195 195 195 195 196 11 11 11 11 11 12 13 14 15 16 17 18 19 20 21 22 23 24 25 26 27 28 29 30 31 32 33 34 35 36 37 38 39 40 41 42 43 44 45 46 47 48 49 50 51 52 53 434 
435 373 311 249 187 125 63 1 1 195 195 195 195 195 195 195 11 11 11 11 11 11 12 13 14 15 16 17 18 19 20 21 22 23 24 25 26 27 28 29 30 31 32 33 34 35 36 37 38 39 40 41 42 43 44 45 46 47 48 49 50 51 52 496 
497 435 373 311 249 187 125 63 1 195 195 195 195 195 195 195 11 11 11 11 11 11 11 12 13 14 15 16 17 18 19 20 21 22 23 24 25 26 27 28 29 30 31 32 33 34 35 36 37 38 39 40 41 42 43 44 45 46 47 48 49 50 51 558 
559 497 435 373 311 249 187 125 63 195 195 195 195 195 195 195 11 11 11 11 11 11 11 11 12 13 14 15 16 17 18 19 20 21 22 23 24 25 26 27 28 29 30 31 32 33 34 35 36 37 38 39 40 41 42 43 44 45 46 47 48 49 50 620 
621 559 684 684 685 686 687 688 689 691 691 692 693 694 695 696 11 11 11 11 11 11 11 11 11 12 13 14 15 16 17 18 19 20 21 22 23 24 25 26 27 28 29 30 31 32 33 34 35 36 37 38 39 40 41 42 43 44 45 46 47 48 49 682 
683 621 684 684 684 685 686 687 688 691 691 691 692 693 694 695 11 11 11 11 11 11 11 11 11 11 12 13 14 15 16 17 18 19 20 21 22 23 24 25 26 27 28 29 30 31 32 33 34 35 36 37 38 39 40 41 42 43 44 45 46 47 48 744 
745 683 684 684 684 684 685 686 687 691 691 691 691 692 693 694 11 11 11 11 11 11 11 11 11 11 11 12 13 14 15 16 17 18 19 20 21 22 23 24 25 26 27 28 29 30 31 32 33 34 35 36 37 38 39 40 41 42 43 44 45 46 47 806 
807 745 684 684 684 684 684 685 686 691 691 691 691 691 692 693 11 11 11 11 11 11 11 11 11 11 11 11 12 13 14 15 16 17 18 19 20 21 22 23 24 25 26 27 28 29 30 31 32 33 34 35 36 37 38 39 40 41 42 43 44 45 46 868 
869 807 684 684 684 684 684 684 685 691 691 691 691 691 691 692 11 11 11 11 11 11 11 11 11 11 11 11 11 12 13 14 15 16 17 18 19 20 21 22 23 24 25 26 27 28 29 30 31 32 33 34 35 36 37 38 39 40 41 42 43 44 45 930 
931 869 684 684 684 684 684 684 684 691 691 691 691 691 691 691 11 11 11 11 11 11 11 11 11 11 11 11 11 11 12 13 14 15 16 17 18 19 20 21 22 23 24 25 26 27 28 29 30 31 32 33 34 35 36 37 38 39 40 41 42 43 44 992 
993 931 684 684 684 684 684 684 684 691 691 691 691 691 691 691 11 11 11 11 11 11 11 11 11 11 11 11 11 11 11 12 13 14 15 16 17 18 19 20 21 22 23 24 25 26 27 28 29 30 31 32 33 34 35 36 37 38 39 40 41 42 43 1054 
1055 993 684 684 684 684 684 684 684 691 691 691 691 691 691 691 11 11 11 11 11 11 11 11 11 11 11 11 11 11 11 11 12 13 14 15 16 17 18 19 20 21 22 23 24 25 26 27 28 29 30 31 32 33 34 35 36 37 38 39 40 41 42 1116 
1117 1055 993 1180 1181 1182 1183 1184 1185 1186 1187 1188 1189 1190 1132 11 11 11 11 11 11 11 11 11 11 11 11 11 11 11 11 11 11 12 13 14 15 16 17 18 19 20 21 22 23 24 25 26 27 28 29 30 31 32 33 34 35 36 37 38 39 40 41 1178 
1179 1117 1055 993 1180 1181 1182 1183 1184 1185 1186 1187 1188 1189 1190 1132 11 11 11 11 11 11 11 11 11 11 11 11 11 11 11 11 11 11 12 13 14 15 16 17 18 19 20 21 22 23 24 25 26 27 28 29 30 31 32 33 34 35 36 37 38 39 40 1240 
1241 1179 1117 1055 993 1180 1181 1182 1183 1184 1185 1186 1187 1188 1189 1190 1132 11 11 11 11 11 11 11 11 11 11 11 11 11 11 11 11 11 11 12 13 14 15 16 17 18 19 20 21 22 23 24 25 26 27 28 29 30 31 32 33 34 35 36 37 38 39 1302 
1303 1241 1179 1117 1055 993 1180 1181 1182 1183 1184 1185 1186 1187 1188 1189 1190 1132 11 11 11 11 11 11 11 11 11 11 11 11 11 11 11 11 11 11 12 13 14 15 16 17 18 19 20 21 22 23 24 25 26 27 28 29 30 31 32 33 34 35 36 37 38 1364 
1365 1303 1241 1179 1117 1055 993 1180 1181 1182 1183 1184 1185 1186 1187 1188 1189 1190 1132 11 11 11 11 11 11 11 11 11 11 11 11 11 11 11 11 11 11 12 13 14 15 16 17 18 19 20 21 22 23 24 25 26 27 28 29 30 31 32 33 34 35 36 37 1426 
1427 1365 1303 1241 1179 1117 1055 993 1180 1181 1182 1183 1184 1185 1186 1187 1188 1189 1190 1132 11 11 11 11 11 11 11 11 11 11 11 11 11 11 11 11 11 11 12 13 14 15 16 17 18 19 20 21 22 23 24 25 26 27 28 29 30 31 32 33 34 35 36 1488 
1489 1427 1365 1303 1241 1179 1117 1055 993 1180 1181 1182 1183 1184 1185 1186 1187 1188 1189 1190 1132 11 11 11 11 11 11 11 11 11 11 11 11 11 11 11 11 11 11 12 13 14 15 16 17 18 19 20 21 22 23 24 25 26 27 28 29 30 31 32 33 34 35 1550 
1551 1489 1427 1365 1303 1241 1179 1117 1055 993 1180 1181 1182 1183 1184 1185 1186 1187 1188 1189 1190 1132 11 11 11 11 11 11 11 11 11 11 11 11 11 11 11 11 11 11 12 13 14 15 16 17 18 19 20 21 22 23 24 25 26 27 28 29 30 31 32 33 34 1612 
1613 1551 1489 1427 1365 1303 1241 1179 1117 1055 993 1180 1181 1182 1183 1184 1185 1186 1187 1188 1189 1190 1132 11 11 11 11 11 11 11 11 11 11 11 11 11 11 11 11 11 11 12 13 14 15 16 17 18 19 20 21 22 23 24 25 26 27 28 29 30 31 32 33 1674 
1675 1613 1551 1489 1427 1365 1303 1241 1179 1117 1055 993 1180 1181 1182 1183 1184 1185 1186 1187 1188 1189 1190 1132 11 11 11 11 11 11 11 11 11 11 11 11 11 11 11 11 11 11 12 13 14 15 16 17 18 19 20 21 22 23 24 25 26 27 28 29 30 31 32 1736 
1737 1675 1613 1551 1489 1427 1365 1303 1241 1179 1117 1055 993 1180 1181 1182 1183 1184 1185 1186 1187 1188 1189 1190 1132 11 11 11 11 11 11 11 11 11 11 11 11 11 11 11 11 11 11 12 13 14 15 16 17 18 19 20 21 22 23 24 25 26 27 28 29 30 31 1798 
1799 1737 1675 1613 1551 1489 1427 1365 1303 1241 1179 1117 1055 993 1180 1181 1182 1183 1184 1185 1186 1187 1188 1189 1190 1132 11 11 11 11 11 11 11 11 11 11 11 11 11 11 11 11 11 11 12 13 14 15 16 17 18 19 20 21 22 23 24 25 26 27 28 29 30 1860 
1861 1799 1737 1675 1613 1551 1489 1427 1365 1303 1241 1179 1117 1055 993 1180 1181 1182 1183 1184 1185 1186 1187 1188 1189 1190 1132 11 11 11 11 11 11 11 11 11 11 11 11 11 11 11 11 11 11 12 13 14 15 16 17 18 19 20 21 22 23 24 25 26 27 28 29 1922 
1923 1861 1799 1737 1675 1613 1551 1489 1427 1365 1303 1241 1179 1117 1055 993 1180 1181 1182 1183 1184 1185 1186 1187 1188 1189 1190 1132 11 11 11 11 11 11 11 11 11 11 11 11 11 11 11 11 11 11 12 13 14 15 16 17 18 19 20 21 22 23 24 25 26 27 28 1984 
1985 1923 1861 1799 1737 1675 1613 1551 1489 1427 1365 1303 1241 1179 1117 1055 993 1180 1181 1182 1183 1184 1185 1186 1187 1188 1189 1190 1132 11 11 11 11 11 11 11 11 11 11 11 11 11 11 11 11 11 11 12 13 14 15 16 17 18 19 20 21 22 23 24 25 26 27 2046 
2047 1985 1923 1861 1799 1737 1675 1613 1551 1489 1427 1365 1303 1241 1179 1117 1055 993 1180 1181 1182 1183 1184 1185 1186 1187 1188 1189 1190 1132 11 11 11 11 11 11 11 11 11 11 11 11 11 11 11 11 11 11 12 13 14 15 16 17 18 19 20 21 22 23 24 25 26 2108 
2109 2047 1985 1923 1861 1799 1737 1675 1613 1551 1489 1427 1365 1303 1241 1179 1117 1055 993 1180 1181 1182 1183 1184 1185 1186 1187 1188 1189 1190 1132 11 11 11 11 11 11 11 11 11 11 11 11 11 11 11 11 11 11 12 13 14 15 16 17 18 19 20 21 22 23 24 25 2170 
2171 2109 2047 1985 1923 1861 1799 1737 1675 1613 1551 1489 1427 1365 1303 1241 1179 1117 1055 993 1180 1181 1182 1183 1184 1185 1186 1187 1188 1189 1190 1132 11 11 11 11 11 11 11 11 11 11 11 11 11 11 11 11 11 11 12 13 14 15 16 17 18 19 20 21 22 23 24 2232 
2233 2171 2109 2047 1985 1923 1861 1799 1737 1675 1613 1551 1489 1427 1365 1303 1241 1179 1117 1055 993 1180 1181 1182 1183 1184 1185 1186 1187 1188 1189 1190 1132 11 11 11 11 11 11 11 11 11 11 11 11 11 11 11 11 11 11 12 13 14 15 16 17 18 19 20 21 22 23 2294 
2295 2233 2171 2109 2047 1985 1923 1861 1799 1737 1675 1613 1551 1489 1427 1365 1303 1241 1179 1117 1055 993 1180 1181 1182 1183 1184 1185 1186 1187 1188 1189 1190 1132 11 11 11 11 11 11 11 11 11 11 11 11 11 11 11 11 11 11 12 13 14 15 16 17 18 19 20 21 22 2356 
2357 2295 2233 2171 2109 2047 1985 1923 1861 1799 1737 1675 1613 1551 1489 1427 1365 1303 1241 1179 1117 1055 993 1180 1181 1182 1183 1184 1185 1186 1187 1188 1189 1190 1132 11 11 11 11 11 11 11 11 11 11 11 11 11 11 11 11 11 11 12 13 14 15 16 17 18 19 20 21 2418 
2419 2357 2295 2233 2171 2109 2047 1985 1923 1861 1799 1737 1675 1613 1551 1489 1427 1365 1303 1241 1179 1117 1055 993 1180 1181 1182 1183 1184 1185 1186 1187 1188 1189 1190 1132 11 11 11 11 11 11 11 11 11 11 11 11 11 11 11 11 11 11 12 13 14 15 16 17 18 19 20 2480 
2481 2419 2357 2295 2233 2171 2109 2047 1985 1923 1861 1799 1737 1675 1613 1551 1489 1427 1365 1303 1241 1179 1117 1055 993 1180 1181 1182 1183 1184 1185 1186 1187 1188 1189 1190 1132 11 11 11 11 11 11 11 11 11 11 11 11 11 11 11 11 11 11 12 13 14 15 16 17 18 19 2542 
2543 2481 2419 2357 2295 2233 2171 2109 2047 1985 1923 1861 1799 1737 1675 1613 1551 1489 1427 1365 1303 1241 1179 1117 1055 993 1180 1181 1182 1183 1184 1185 1186 1187 1188 1189 1190 1132 11 11 11 11 11 11 11 11 11 11 11 11 11 11 11 11 11 11 12 13 14 15 16 17 18 2604 
2605 2543 2481 2419 2357 2295 2233 2171 2109 2047 1985 1923 1861 1799 1737 1675 1613 1551 1489 1427 1365 1303 1241 1179 1117 1055 993 1180 1181 1182 1183 1184 1185 1186 1187 1188 1189 1190 1132 11 11 11 11 11 11 11 11 11 11 11 11 11 11 11 11 11 11 12 13 14 15 16 17 2666 
2667 2605 2543 2481 2419 2357 2295 2233 2171 2109 2047 1985 1923 1861 1799 1737 1675 1613 1551 1489 1427 1365 1303 1241 1179 1117 1055 993 1180 1181 1182 1183 1184 1185 1186 1187 1188 1189 1190 1132 11 11 11 11 11 11 11 11 11 11 11 11 11 11 11 11 11 11 12 13 14 15 16 2728 
2729 2667 2605 2543 2481 2419 2357 2295 2233 2171 2109 2047 1985 1923 1861 1799 1737 1675 1613 1551 1489 1427 1365 1303 1241 1179 1117 1055 993 1180 1181 1182 1183 1184 1185 1186 1187 1188 1189 1190 1132 11 11 11 11 11 11 11 11 11 11 11 11 11 11 11 11 11 11 12 13 14 15 2790 
2791 2729 2667 2605 2543 2481 2419 2357 2295 2233 2171 2109 2047 1985 1923 1861 1799 1737 1675 1613 1551 1489 1427 1365 1303 1241 1179 1117 1055 993 1180 1181 1182 1183 1184 1185 1186 1187 1188 1189 1190 1132 11 11 11 11 11 11 11 11 11 11 11 11 11 11 11 11 11 11 12 13 14 2852 
2853 2791 2729 2667 2605 2543 2481 2419 2357 2295 2233 2171 2109 2047 1985 1923 1861 1799 1737 1675 1613 1551 1489 1427 1365 1303 1241 1179 1117 1055 993 1180 1181 1182 1183 1184 1185 1186 1187 1188 1189 1190 1132 11 11 11 11 11 11 11 11 11 11 11 11 11 11 11 11 11 11 12 13 2914 
2915 2853 2791 2729 2667 2605 2543 2481 2419 2357 2295 2233 2171 2109 2047 1985 1923 1861 1799 1737 1675 1613 1551 1489 1427 1365 1303 1241 1179 1117 1055 993 1180 1181 1182 1183 1184 1185 1186 1187 1188 1189 1190 1132 11 11 11 11 11 11 11 11 11 11 11 11 11 11 11 11 11 11 12 2976 
2977 2915 2853 2791 2729 2667 2605 2543 2481 2419 2357 2295 2233 2171 2109 2047 1985 1923 1861 1799 1737 1675 1613 1551 1489 1427 1365 1303 1241 1179 1117 1055 993 1180 1181 1182 1183 1184 1185 1186 1187 1188 1189 1190 1132 11 11 11 11 11 11 11 11 11 11 11 11 11 11 11 11 11 11 3038 
3039 2977 2915 2853 2791 2729 2667 2605 2543 2481 2419 2357 2295 2233 2171 2109 2047 1985 1923 1861 1799 1737 1675 1613 1551 1489 1427 1365 1303 1241 1179 1117 1055 993 1180 1181 1182 1183 1184 1185 1186 1187 1188 1189 1190 1132 11 11 11 11 11 11 11 11 11 11 11 11 11 11 11 11 11 3100 
3101 3039 2977 2915 2853 2791 2729 2667 2605 2543 2481 2419 2357 2295 2233 2171 2109 2047 1985 1923 1861 1799 1737 1675 1613 1551 1489 1427 1365 1303 1241 1179 1117 1055 993 1180 1181 1182 1183 1184 1185 1186 1187 1188 1189 1190 1132 11 11 11 11 11 11 11 11 11 11 11 11 11 11 11 11 3162 
3163 3101 3039 2977 2915 2853 2791 2729 2667 2605 2543 2481 2419 2357 2295 2233 2171 2109 2047 1985 1923 1861 1799 1737 1675 1613 1551 1489 1427 1365 1303 1241 1179 1117 1055 993 1180 1181 1182 1183 1184 1185 1186 1187 1188 1189 1190 1132 11 11 11 11 11 11 11 11 11 11 11 11 11 11 11 3224 
3225 3163 3101 3039 2977 2915 2853 2791 2729 2667 2605 2543 2481 2419 2357 2295 2233 2171 2109 2047 1985 1923 1861 1799 1737 1675 1613 1551 1489 1427 1365 1303 1241 1179 1117 1055 993 1180 1181 1182 1183 1184 1185 1186 1187 1188 1189 1190 1132 11 11 11 11 11 11 11 11 11 11 11 11 11 11 3286 
3287 3225 3163 3101 3039 2977 2915 2853 2791 2729 2667 2605 2543 2481 2419 2357 2295 2233 2171 2109 2047 1985 1923 1861 1799 1737 1675 1613 1551 1489 1427 1365 1303 1241 1179 1117 1055 993 1180 1181 1182 1183 1184 1185 1186 1187 1188 1189 1190 1132 11 11 11 11 11 11 11 11 11 11 11 11 11 3348 
3349 3287 3225 3163 3101 3039 2977 2915 2853 2791 2729 2667 2605 2543 2481 2419 2357 2295 2233 2171 2109 2047 1985 1923 1861 1799 1737 1675 1613 1551 1489 1427 1365 1303 1241 1179 1117 1055 993 1180 1181 1182 1183 1184 1185 1186 1187 1188 1189 1190 1132 11 11 11 11 11 11 11 11 11 11 11 11 3410 
3411 3349 3287 3225 3163 3101 3039 2977 2915 2853 2791 2729 2667 2605 2543 2481 2419 2357 2295 2233 2171 2109 2047 1985 1923 1861 1799 1737 1675 1613 1551 1489 1427 1365 1303 1241 1179 1117 1055 993 1180 1181 1182 1183 1184 1185 1186 1187 1188 1189 1190 1132 11 11 11 11 11 11 11 11 11 11 11 3472 
3473 3411 3349 3287 3225 3163 3101 3039 2977 2915 2853 2791 2729 2667 2605 2543 2481 2419 2357 2295 2233 2171 2109 2047 1985 1923 1861 1799 1737 1675 1613 1551 1489 1427 1365 1303 1241 1179 1117 1055 993 1180 1181 1182 1183 1184 1185 1186 1187 1188 1189 1190 1132 11 11 11 11 11 11 11 11 11 11 3534 
3535 3473 3411 3349 3287 3225 3163 3101 3039 2977 2915 2853 2791 2729 2667 2605 2543 2481 2419 2357 2295 2233 2171 2109 2047 1985 1923 1861 1799 1737 1675 1613 1551 1489 1427 1365 1303 1241 1179 1117 1055 993 1180 1181 1182 1183 1184 1185 1186 1187 1188 1189 1190 1132 11 11 11 11 11 11 11 11 11 3596 
3597 3535 3473 3411 3349 3287 3225 3163 3101 3039 2977 2915 2853 2791 2729 2667 2605 2543 2481 2419 2357 2295 2233 2171 2109 2047 1985 1923 1861 1799 1737 1675 1613 1551 1489 1427 1365 1303 1241 1179 1117 1055 993 1180 1181 1182 1183 1184 1185 1186 1187 1188 1189 1190 1132 11 11 11 11 11 11 11 11 3658 
3659 3597 3535 3473 3411 3349 3287 3225 3163 3101 3039 2977 2915 2853 2791 2729 2667 2605 2543 2481 2419 2357 2295 2233 2171 2109 2047 1985 1923 1861 1799 1737 1675 1613 1551 1489 1427 1365 1303 1241 1179 1117 1055 993 1180 1181 1182 1183 1184 1185 1186 1187 1188 1189 1190 1132 11 11 11 11 11 11 11 3720 
3721 3659 3597 3535 3473 3411 3349 3287 3225 3163 3101 3039 2977 2915 2853 2791 2729 2667 2605 2543 2481 2419 2357 2295 2233 2171 2109 2047 1985 1923 1861 1799 1737 1675 1613 1551 1489 1427 1365 1303 1241 1179 1117 1055 993 1180 1181 1182 1183 1184 1185 1186 1187 1188 1189 1190 1132 11 11 11 11 11 11 3782 
3783 3783 3783 3784 3785 3786 3787 3788 3789 3790 3791 3792 3793 3794 3795 3796 3797 3798 3799 3800 3801 3802 3803 3804 3805 3806 3807 3808 3809 3810 3811 3812 3813 3814 3815 3816 3817 3818 3819 3820 3821 3822 3823 3824 3825 3826 3827 3828 3829 3830 3831 3832 3833 3834 3835 3836 3837 3838 3839 3840 3841 3842 3843 3844 
